00111111100000000000000000000000
00111110010011001100110011001101
00111110010011001100110011001101
00111110010011001100110011001101
00111110010011001100110011001101
00111110010011001100110011001101
00111110010011001100110011001101
00111110010011001100110011001101
00111110010011001100110011001101
00111110010011001100110011001101
00111110010011001100110011001101
00111110010011001100110011001101
00111110010011001100110011001101
00111110010011001100110011001101
00111110010011001100110011001101
00111110010011001100110011001101
00111110010011001100110011001101
00111110010011001100110011001101
00111110010011001100110011001101
00111111100000000000000000000000